0 -73.530767 41.085396
1 -73.530538 41.086098
2 -73.519366 41.048796
3 -73.519377 41.048654
4 -73.524567 41.093796
5 -73.525490 41.093834
6 -73.531927 41.110484
7 -73.530106 41.110611
8 -73.529341 41.125895
9 -73.529746 41.127369
10 -73.530583 41.125051
11 -73.529763 41.085358
12 -73.529834 41.086062
13 -73.613384 41.065086
14 -73.615019 41.065131
15 -73.693133 41.058075
16 -73.694273 41.059296
17 -73.512230 41.287431
18 -73.511896 41.286556
19 -73.501634 41.286067
20 -73.501424 41.284975
21 -73.500122 41.286141
22 -73.554632 41.132182
23 -73.554531 41.129747
24 -73.663848 41.025429
25 -73.663287 41.025629
26 -73.553622 41.060382
27 -73.553544 41.059680
28 -73.533483 41.102140
29 -73.532867 41.102096
30 -73.652664 41.072067
31 -73.648980 41.073376
32 -73.668652 41.047604
33 -73.669471 41.049289
34 -73.668261 41.047675
35 -73.662672 41.050897
36 -73.662729 41.051221
37 -73.655912 41.070248
38 -73.656372 41.071096
39 -73.668218 41.052150
40 -73.668468 41.052448
41 -73.533430 41.103106
42 -73.662572 41.021797
43 -73.662384 41.021304
44 -73.661847 41.019769
45 -73.673000 41.033345
46 -73.673683 41.034194
47 -73.530423 41.086646
48 -73.643912 41.025575
49 -73.643471 41.026897
50 -73.642981 41.026378
51 -73.658549 41.033021
52 -73.660678 41.032081
53 -73.632931 41.032067
54 -73.633371 41.032397
55 -73.632908 41.032504
56 -73.632071 41.032697
57 -73.630914 41.031204
58 -73.630671 41.030597
59 -73.601619 41.028326
60 -73.600669 41.029197
61 -73.605622 41.025109
62 -73.602775 41.025457
63 -73.604553 41.028506
64 -73.604557 41.029434
65 -73.631495 41.031536
66 -73.605616 41.027277
67 -73.601961 41.028204
68 -73.600074 41.029328
69 -73.599874 41.029708
70 -73.600269 41.029597
71 -73.536328 41.160736
72 -73.533528 41.164875
73 -73.564333 41.036486
74 -73.564468 41.037197
75 -73.565953 41.036816
76 -73.560221 41.029613
77 -73.560423 41.030025
78 -73.561203 41.029222
79 -73.562368 41.033997
80 -73.559019 41.030486
81 -73.567336 41.025359
82 -73.567768 41.025297
83 -73.566886 41.023827
84 -73.654508 41.119244
85 -73.646405 41.115564
86 -73.635347 41.119488
87 -73.653393 41.012305
88 -73.653671 41.012097
89 -73.655018 41.012242
90 -73.654474 41.012239
91 -73.654393 41.011808
92 -73.654671 41.011697
93 -73.666085 41.024954
94 -73.666254 41.024939
95 -73.623471 41.079096
96 -73.626271 41.079096
97 -73.623271 41.077996
98 -73.626971 41.078096
99 -73.622671 41.070696
100 -73.626463 41.070696
101 -73.622470 41.056696
102 -73.626271 41.061396
103 -73.624470 41.032997
104 -73.625170 41.033797
105 -73.618671 41.122696
106 -73.621315 41.127512
107 -73.621987 41.119600
108 -73.619271 41.119396
109 -73.617471 41.115296
110 -73.617571 41.122696
111 -73.617371 41.112596
112 -73.612771 41.116396
113 -73.612898 41.116366
114 -73.611871 41.115296
115 -73.608870 41.123196
116 -73.613687 41.124377
117 -73.606434 41.124576
118 -73.607106 41.125376
119 -73.602098 41.124480
120 -73.574451 41.139809
121 -73.575595 41.138457
122 -73.600670 41.123596
123 -73.600270 41.125496
124 -73.598770 41.120696
125 -73.600570 41.119296
126 -73.600870 41.120196
127 -73.601870 41.117696
128 -73.598610 41.120240
129 -73.597970 41.113996
130 -73.593770 41.117796
131 -73.592270 41.117696
132 -73.590470 41.123696
133 -73.592070 41.121396
134 -73.590870 41.121396
135 -73.590370 41.121696
136 -73.591170 41.119896
137 -73.587470 41.123896
138 -73.587570 41.120696
139 -73.584870 41.122496
140 -73.586970 41.120396
141 -73.589170 41.118596
142 -73.584369 41.123096
143 -73.584570 41.124796
144 -73.583969 41.123396
145 -73.582369 41.115796
146 -73.580369 41.124396
147 -73.583069 41.124196
148 -73.579769 41.121196
149 -73.582269 41.115096
150 -73.581486 41.115973
151 -73.579969 41.114196
152 -73.580869 41.116096
153 -73.578369 41.124996
154 -73.577969 41.124196
155 -73.579769 41.118496
156 -73.579921 41.120224
157 -73.579825 41.117264
158 -73.577469 41.118796
159 -73.577069 41.117496
160 -73.576869 41.115096
161 -73.572169 41.117896
162 -73.574669 41.113096
163 -73.670363 41.050328
164 -73.671572 41.051597
165 -73.620771 41.105196
166 -73.618771 41.108396
167 -73.632133 41.094904
168 -73.630527 41.094934
169 -73.623871 41.105396
170 -73.621071 41.104396
171 -73.617071 41.103796
172 -73.620671 41.091396
173 -73.620725 41.093162
174 -73.615971 41.107096
175 -73.610370 41.106196
176 -73.617971 41.100496
177 -73.620847 41.097112
178 -73.616671 41.093796
179 -73.616410 41.094598
180 -73.621571 41.089896
181 -73.621671 41.089396
182 -73.619371 41.088596
183 -73.622671 41.084996
184 -73.619371 41.087796
185 -73.612891 41.095769
186 -73.610570 41.111196
187 -73.606070 41.109296
188 -73.607070 41.109596
189 -73.606170 41.108596
190 -73.609170 41.105596
191 -73.606344 41.108423
192 -73.607170 41.103696
193 -73.606870 41.103296
194 -73.607370 41.102796
195 -73.603470 41.097296
196 -73.605008 41.100009
197 -73.609270 41.102396
198 -73.608338 41.097778
199 -73.603670 41.104296
200 -73.603212 41.104372
201 -73.612070 41.092696
202 -73.604306 41.093808
203 -73.608546 41.087648
204 -73.602802 41.095808
205 -73.600594 41.096960
206 -73.604162 41.087392
207 -73.603122 41.093904
208 -73.601890 41.093920
209 -73.600570 41.092796
210 -73.599870 41.090896
211 -73.599890 41.090624
212 -73.599954 41.088544
213 -73.599870 41.087396
214 -73.622271 41.083996
215 -73.622971 41.082296
216 -73.623471 41.081396
217 -73.618611 41.084320
218 -73.618755 41.085312
219 -73.625371 41.084296
220 -73.623271 41.074896
221 -73.619170 41.074696
222 -73.618970 41.075396
223 -73.615870 41.085996
224 -73.617570 41.075696
225 -73.613270 41.088096
226 -73.616670 41.075796
227 -73.616070 41.075796
228 -73.611170 41.075996
229 -73.669572 41.049497
230 -73.626920 41.073960
231 -73.623071 41.073796
232 -73.622371 41.070796
233 -73.622071 41.070696
234 -73.622071 41.070396
235 -73.621070 41.068296
236 -73.615170 41.068396
237 -73.620270 41.071696
238 -73.620770 41.067696
239 -73.619270 41.064396
240 -73.619170 41.067696
241 -73.620470 41.062596
242 -73.618770 41.061696
243 -73.620770 41.061196
244 -73.619270 41.063796
245 -73.618570 41.062796
246 -73.617570 41.065796
247 -73.615770 41.064296
248 -73.666664 41.047807
249 -73.626771 41.070696
250 -73.612570 41.063296
251 -73.613570 41.057996
252 -73.608530 41.086128
253 -73.608866 41.083456
254 -73.610370 41.064296
255 -73.609670 41.076296
256 -73.608170 41.079696
257 -73.608002 41.080176
258 -73.607270 41.079496
259 -73.606070 41.075696
260 -73.626571 41.073196
261 -73.606570 41.071996
262 -73.603954 41.086672
263 -73.602470 41.087396
264 -73.604402 41.081584
265 -73.599770 41.086496
266 -73.599670 41.085696
267 -73.597170 41.084096
268 -73.603170 41.074496
269 -73.604770 41.075096
270 -73.607170 41.065596
271 -73.606864 41.067434
272 -73.611170 41.063396
273 -73.610770 41.063496
274 -73.610270 41.061996
275 -73.607970 41.064496
276 -73.607314 41.063312
277 -73.607607 41.064996
278 -73.606370 41.065596
279 -73.604270 41.065496
280 -73.604315 41.074925
281 -73.603170 41.073996
282 -73.599970 41.072796
283 -73.598970 41.072496
284 -73.600370 41.066596
285 -73.604270 41.061596
286 -73.602270 41.061996
287 -73.601346 41.063568
288 -73.591070 41.104496
289 -73.587770 41.110996
290 -73.586369 41.104696
291 -73.590970 41.104096
292 -73.590270 41.104196
293 -73.591970 41.100896
294 -73.599370 41.099296
295 -73.595070 41.096396
296 -73.588669 41.100696
297 -73.596898 41.095008
298 -73.596470 41.095396
299 -73.594882 41.093344
300 -73.594034 41.094752
301 -73.597070 41.091296
302 -73.596338 41.089168
303 -73.580869 41.108196
304 -73.580569 41.104796
305 -73.586669 41.104696
306 -73.585269 41.104096
307 -73.585169 41.103596
308 -73.582897 41.106432
309 -73.584969 41.103096
310 -73.585369 41.103196
311 -73.587469 41.102996
312 -73.582769 41.101396
313 -73.580569 41.103796
314 -73.582369 41.104096
315 -73.580469 41.104096
316 -73.579669 41.103696
317 -73.582569 41.101096
318 -73.582369 41.101496
319 -73.582169 41.100596
320 -73.580469 41.103496
321 -73.578469 41.106996
322 -73.578569 41.107596
323 -73.577869 41.108696
324 -73.577201 41.112256
325 -73.575218 41.112805
326 -73.575441 41.109056
327 -73.574929 41.110576
328 -73.574913 41.108368
329 -73.578669 41.104796
330 -73.578369 41.102596
331 -73.576969 41.101296
332 -73.576969 41.104896
333 -73.576969 41.106021
334 -73.576469 41.103296
335 -73.576848 41.104510
336 -73.577069 41.100896
337 -73.576769 41.100896
338 -73.575969 41.100996
339 -73.573569 41.104996
340 -73.586269 41.099796
341 -73.581469 41.099296
342 -73.585669 41.100696
343 -73.585969 41.098196
344 -73.581166 41.098813
345 -73.581116 41.098393
346 -73.580649 41.098622
347 -73.580269 41.093496
348 -73.575269 41.096596
349 -73.582469 41.093596
350 -73.585369 41.096696
351 -73.584169 41.093196
352 -73.584513 41.093227
353 -73.582960 41.093480
354 -73.582577 41.090752
355 -73.585409 41.088928
356 -73.584705 41.090512
357 -73.575269 41.099496
358 -73.576069 41.100496
359 -73.577469 41.099196
360 -73.574769 41.097496
361 -73.574869 41.096796
362 -73.572469 41.097396
363 -73.574869 41.096296
364 -73.574669 41.095996
365 -73.573869 41.094696
366 -73.579569 41.092696
367 -73.577369 41.086996
368 -73.578669 41.092996
369 -73.578669 41.093996
370 -73.576017 41.090736
371 -73.571409 41.091504
372 -73.573393 41.090304
373 -73.596870 41.086596
374 -73.596770 41.087796
375 -73.596170 41.082296
376 -73.593618 41.087056
377 -73.592869 41.079296
378 -73.599370 41.077096
379 -73.595670 41.077796
380 -73.593869 41.076496
381 -73.592869 41.077396
382 -73.590569 41.081496
383 -73.590269 41.075896
384 -73.589769 41.075896
385 -73.589669 41.078496
386 -73.589769 41.078696
387 -73.589669 41.074996
388 -73.588569 41.075196
389 -73.588569 41.075996
390 -73.597870 41.070796
391 -73.598070 41.069096
392 -73.594569 41.070696
393 -73.592869 41.073296
394 -73.594721 41.073152
395 -73.594669 41.063996
396 -73.594269 41.063996
397 -73.592769 41.063396
398 -73.595769 41.060596
399 -73.592169 41.068096
400 -73.590669 41.070096
401 -73.589369 41.074496
402 -73.587769 41.070596
403 -73.586869 41.069696
404 -73.589469 41.067296
405 -73.586069 41.067696
406 -73.592969 41.066296
407 -73.591769 41.061496
408 -73.582569 41.086296
409 -73.582673 41.087216
410 -73.583361 41.084272
411 -73.586169 41.077796
412 -73.580469 41.080596
413 -73.583057 41.081120
414 -73.580169 41.086696
415 -73.580469 41.085596
416 -73.577169 41.085996
417 -73.577137 41.084880
418 -73.580065 41.083968
419 -73.576869 41.081996
420 -73.581713 41.083344
421 -73.576769 41.081760
422 -73.576569 41.081396
423 -73.554315 41.040348
424 -73.555167 41.037697
425 -73.577069 41.074396
426 -73.579869 41.075596
427 -73.577069 41.081196
428 -73.576169 41.079696
429 -73.576269 41.081296
430 -73.574569 41.074596
431 -73.574654 41.078908
432 -73.584869 41.073596
433 -73.584769 41.073996
434 -73.585469 41.070296
435 -73.580069 41.069496
436 -73.582369 41.073796
437 -73.580869 41.073696
438 -73.583169 41.071796
439 -73.580469 41.072596
440 -73.586369 41.063296
441 -73.582569 41.067496
442 -73.588669 41.062596
443 -73.585769 41.062596
444 -73.583869 41.059196
445 -73.578769 41.068196
446 -73.580730 41.068359
447 -73.580169 41.067596
448 -73.580769 41.067696
449 -73.580769 41.067896
450 -73.580569 41.066496
451 -73.579747 41.067040
452 -73.579469 41.067596
453 -73.580969 41.066396
454 -73.582769 41.065996
455 -73.580569 41.065796
456 -73.580069 41.066396
457 -73.580969 41.065796
458 -73.581569 41.063896
459 -73.582969 41.064596
460 -73.583469 41.062696
461 -73.582369 41.061796
462 -73.582392 41.063738
463 -73.581573 41.065574
464 -73.579069 41.073696
465 -73.577969 41.074096
466 -73.577369 41.073296
467 -73.580069 41.070896
468 -73.578169 41.069396
469 -73.577469 41.070296
470 -73.576869 41.070796
471 -73.575269 41.074496
472 -73.574273 41.073936
473 -73.574169 41.073596
474 -73.576269 41.071496
475 -73.573569 41.072896
476 -73.580065 41.067596
477 -73.578513 41.061024
478 -73.576069 41.069496
479 -73.575469 41.069896
480 -73.579269 41.064396
481 -73.579369 41.063296
482 -73.579769 41.063196
483 -73.581169 41.061896
484 -73.582169 41.057596
485 -73.576669 41.063696
486 -73.575369 41.062096
487 -73.578169 41.059596
488 -73.575069 41.065296
489 -73.573168 41.063896
490 -73.574769 41.065596
491 -73.573569 41.124596
492 -73.573769 41.125496
493 -73.572049 41.123840
494 -73.572569 41.125196
495 -73.573569 41.124296
496 -73.573169 41.123396
497 -73.573169 41.124796
498 -73.572569 41.120496
499 -73.567985 41.123744
